%YAML:1.0
aruco_bc_nmarkers: 4
aruco_bc_mInfoType: 0
aruco_bc_markers:
   - { id:49, corners:[  [ -130., 10., 0. ],[
       -10., 10., 0. ],[ -10., 130., 0. ],[ -130., 130., 0. ] ] }
   - { id:81, corners:[  [ 10., 10., 0. ],[
       130., 10., 0. ],[ 130., 130., 0. ],[ 10., 130., 0. ] ] }
   - { id:135, corners:[  [ 10., -130., 0. ],[
       130., -130., 0. ],[ 130., -10., 0. ],[ 10., -10., 0. ] ] }
   - { id:272, corners:[ [ -130., -130., 0. ], [
       -10., -130., 0. ],[ -10., -10., 0. ], [ -130., -10., 0. ]] }
